Wavelength [nm]	Plot1	Wavelength [nm]	Plot2	Wavelength [nm]	Plot3	Wavelength [nm]	Plot4	Wavelength [nm]	Plot5	Wavelength [nm]	Plot6	Wavelength [nm]	Plot7	Wavelength [nm]	Plot8	Wavelength [nm]	Plot9	Wavelength [nm]	Plot10
909,19	811,00000	909,19	809,00000	909,19	805,00000	909,19	811,00000	909,19	813,00000	909,19	808,00000	909,19	813,00000	909,19	811,00000	909,19	809,00000	909,19	810,00000
917,46	820,00000	917,46	821,00000	917,46	818,00000	917,46	821,00000	917,46	816,00000	917,46	819,00000	917,46	819,00000	917,46	821,00000	917,46	822,00000	917,46	823,00000
925,74	821,00000	925,74	821,00000	925,74	823,00000	925,74	817,00000	925,74	822,00000	925,74	821,00000	925,74	821,00000	925,74	824,00000	925,74	819,00000	925,74	821,00000
934,01	822,00000	934,01	821,00000	934,01	823,00000	934,01	824,00000	934,01	826,00000	934,01	822,00000	934,01	822,00000	934,01	819,00000	934,01	819,00000	934,01	826,00000
942,29	816,00000	942,29	821,00000	942,29	817,00000	942,29	819,00000	942,29	817,00000	942,29	819,00000	942,29	818,00000	942,29	816,00000	942,29	815,00000	942,29	820,00000
950,56	829,00000	950,56	825,00000	950,56	828,00000	950,56	828,00000	950,56	825,00000	950,56	828,00000	950,56	831,00000	950,56	829,00000	950,56	829,00000	950,56	826,00000
958,83	807,00000	958,83	809,00000	958,83	808,00000	958,83	808,00000	958,83	811,00000	958,83	803,00000	958,83	808,00000	958,83	807,00000	958,83	805,00000	958,83	806,00000
967,10	815,00000	967,10	817,00000	967,10	816,00000	967,10	811,00000	967,10	821,00000	967,10	820,00000	967,10	813,00000	967,10	813,00000	967,10	815,00000	967,10	816,00000
975,37	815,00000	975,37	815,00000	975,37	811,00000	975,37	814,00000	975,37	818,00000	975,37	823,00000	975,37	818,00000	975,37	818,00000	975,37	817,00000	975,37	821,00000
983,64	823,00000	983,64	825,00000	983,64	828,00000	983,64	826,00000	983,64	823,00000	983,64	822,00000	983,64	826,00000	983,64	823,00000	983,64	823,00000	983,64	825,00000
991,91	813,00000	991,91	814,00000	991,91	815,00000	991,91	816,00000	991,91	812,00000	991,91	815,00000	991,91	811,00000	991,91	818,00000	991,91	813,00000	991,91	809,00000
1000,18	816,00000	1000,18	820,00000	1000,18	817,00000	1000,18	818,00000	1000,18	823,00000	1000,18	816,00000	1000,18	819,00000	1000,18	820,00000	1000,18	819,00000	1000,18	819,00000
1008,44	809,00000	1008,44	808,00000	1008,44	808,00000	1008,44	806,00000	1008,44	812,00000	1008,44	807,00000	1008,44	811,00000	1008,44	806,00000	1008,44	804,00000	1008,44	809,00000
1016,71	820,00000	1016,71	818,00000	1016,71	817,00000	1016,71	816,00000	1016,71	814,00000	1016,71	826,00000	1016,71	820,00000	1016,71	823,00000	1016,71	821,00000	1016,71	820,00000
1024,97	819,00000	1024,97	819,00000	1024,97	826,00000	1024,97	820,00000	1024,97	822,00000	1024,97	819,00000	1024,97	824,00000	1024,97	821,00000	1024,97	820,00000	1024,97	820,00000
1033,24	813,00000	1033,24	813,00000	1033,24	809,00000	1033,24	811,00000	1033,24	811,00000	1033,24	808,00000	1033,24	812,00000	1033,24	811,00000	1033,24	810,00000	1033,24	812,00000
1041,50	818,00000	1041,50	821,00000	1041,50	816,00000	1041,50	820,00000	1041,50	822,00000	1041,50	821,00000	1041,50	820,00000	1041,50	822,00000	1041,50	818,00000	1041,50	820,00000
1049,77	821,00000	1049,77	822,00000	1049,77	819,00000	1049,77	820,00000	1049,77	822,00000	1049,77	822,00000	1049,77	817,00000	1049,77	820,00000	1049,77	824,00000	1049,77	822,00000
1058,03	801,00000	1058,03	805,00000	1058,03	808,00000	1058,03	803,00000	1058,03	805,00000	1058,03	807,00000	1058,03	809,00000	1058,03	807,00000	1058,03	805,00000	1058,03	809,00000
1066,29	814,00000	1066,29	809,00000	1066,29	812,00000	1066,29	809,00000	1066,29	812,00000	1066,29	805,00000	1066,29	808,00000	1066,29	811,00000	1066,29	804,00000	1066,29	811,00000
1074,55	807,00000	1074,55	811,00000	1074,55	812,00000	1074,55	809,00000	1074,55	811,00000	1074,55	809,00000	1074,55	810,00000	1074,55	809,00000	1074,55	807,00000	1074,55	805,00000
1082,81	812,00000	1082,81	807,00000	1082,81	811,00000	1082,81	810,00000	1082,81	817,00000	1082,81	813,00000	1082,81	812,00000	1082,81	812,00000	1082,81	811,00000	1082,81	815,00000
1091,07	821,00000	1091,07	818,00000	1091,07	819,00000	1091,07	820,00000	1091,07	818,00000	1091,07	825,00000	1091,07	823,00000	1091,07	820,00000	1091,07	820,00000	1091,07	823,00000
1099,33	815,00000	1099,33	816,00000	1099,33	813,00000	1099,33	815,00000	1099,33	814,00000	1099,33	814,00000	1099,33	812,00000	1099,33	813,00000	1099,33	811,00000	1099,33	817,00000
1107,59	817,00000	1107,59	815,00000	1107,59	816,00000	1107,59	814,00000	1107,59	813,00000	1107,59	811,00000	1107,59	819,00000	1107,59	815,00000	1107,59	811,00000	1107,59	816,00000
1115,85	809,00000	1115,85	812,00000	1115,85	811,00000	1115,85	808,00000	1115,85	810,00000	1115,85	810,00000	1115,85	811,00000	1115,85	808,00000	1115,85	811,00000	1115,85	807,00000
1124,10	799,00000	1124,10	802,00000	1124,10	802,00000	1124,10	799,00000	1124,10	801,00000	1124,10	802,00000	1124,10	800,00000	1124,10	802,00000	1124,10	804,00000	1124,10	807,00000
1132,36	821,00000	1132,36	822,00000	1132,36	824,00000	1132,36	822,00000	1132,36	821,00000	1132,36	825,00000	1132,36	819,00000	1132,36	822,00000	1132,36	822,00000	1132,36	821,00000
1140,61	814,00000	1140,61	817,00000	1140,61	811,00000	1140,61	810,00000	1140,61	810,00000	1140,61	811,00000	1140,61	812,00000	1140,61	816,00000	1140,61	814,00000	1140,61	810,00000
1148,87	810,00000	1148,87	808,00000	1148,87	810,00000	1148,87	810,00000	1148,87	805,00000	1148,87	808,00000	1148,87	809,00000	1148,87	809,00000	1148,87	809,00000	1148,87	809,00000
1157,12	815,00000	1157,12	812,00000	1157,12	818,00000	1157,12	812,00000	1157,12	812,00000	1157,12	814,00000	1157,12	816,00000	1157,12	811,00000	1157,12	813,00000	1157,12	814,00000
1165,37	818,00000	1165,37	820,00000	1165,37	817,00000	1165,37	814,00000	1165,37	819,00000	1165,37	818,00000	1165,37	816,00000	1165,37	815,00000	1165,37	819,00000	1165,37	816,00000
1173,63	818,00000	1173,63	818,00000	1173,63	818,00000	1173,63	821,00000	1173,63	819,00000	1173,63	825,00000	1173,63	818,00000	1173,63	824,00000	1173,63	819,00000	1173,63	823,00000
1181,88	813,00000	1181,88	813,00000	1181,88	810,00000	1181,88	809,00000	1181,88	811,00000	1181,88	815,00000	1181,88	817,00000	1181,88	812,00000	1181,88	812,00000	1181,88	814,00000
1190,13	804,00000	1190,13	811,00000	1190,13	812,00000	1190,13	807,00000	1190,13	811,00000	1190,13	809,00000	1190,13	811,00000	1190,13	810,00000	1190,13	808,00000	1190,13	810,00000
1198,38	817,00000	1198,38	815,00000	1198,38	816,00000	1198,38	816,00000	1198,38	817,00000	1198,38	817,00000	1198,38	818,00000	1198,38	816,00000	1198,38	810,00000	1198,38	816,00000
1206,63	812,00000	1206,63	814,00000	1206,63	811,00000	1206,63	808,00000	1206,63	812,00000	1206,63	809,00000	1206,63	811,00000	1206,63	810,00000	1206,63	811,00000	1206,63	810,00000
1214,88	815,00000	1214,88	818,00000	1214,88	818,00000	1214,88	815,00000	1214,88	817,00000	1214,88	823,00000	1214,88	820,00000	1214,88	821,00000	1214,88	822,00000	1214,88	822,00000
1223,12	811,00000	1223,12	810,00000	1223,12	805,00000	1223,12	810,00000	1223,12	810,00000	1223,12	812,00000	1223,12	806,00000	1223,12	807,00000	1223,12	804,00000	1223,12	808,00000
1231,37	809,00000	1231,37	808,00000	1231,37	808,00000	1231,37	810,00000	1231,37	810,00000	1231,37	807,00000	1231,37	812,00000	1231,37	807,00000	1231,37	808,00000	1231,37	810,00000
1239,62	823,00000	1239,62	821,00000	1239,62	824,00000	1239,62	824,00000	1239,62	823,00000	1239,62	829,00000	1239,62	824,00000	1239,62	828,00000	1239,62	831,00000	1239,62	827,00000
1247,86	811,00000	1247,86	810,00000	1247,86	813,00000	1247,86	806,00000	1247,86	810,00000	1247,86	813,00000	1247,86	813,00000	1247,86	812,00000	1247,86	811,00000	1247,86	815,00000
1256,11	813,00000	1256,11	810,00000	1256,11	808,00000	1256,11	808,00000	1256,11	809,00000	1256,11	810,00000	1256,11	815,00000	1256,11	814,00000	1256,11	810,00000	1256,11	811,00000
1264,35	811,00000	1264,35	807,00000	1264,35	806,00000	1264,35	809,00000	1264,35	808,00000	1264,35	809,00000	1264,35	807,00000	1264,35	810,00000	1264,35	806,00000	1264,35	809,00000
1272,59	820,00000	1272,59	815,00000	1272,59	817,00000	1272,59	816,00000	1272,59	821,00000	1272,59	814,00000	1272,59	816,00000	1272,59	820,00000	1272,59	817,00000	1272,59	814,00000
1280,84	806,00000	1280,84	813,00000	1280,84	811,00000	1280,84	814,00000	1280,84	810,00000	1280,84	814,00000	1280,84	809,00000	1280,84	810,00000	1280,84	812,00000	1280,84	812,00000
1289,08	814,00000	1289,08	810,00000	1289,08	812,00000	1289,08	805,00000	1289,08	809,00000	1289,08	813,00000	1289,08	813,00000	1289,08	814,00000	1289,08	808,00000	1289,08	814,00000
1297,32	821,00000	1297,32	820,00000	1297,32	819,00000	1297,32	816,00000	1297,32	819,00000	1297,32	819,00000	1297,32	822,00000	1297,32	819,00000	1297,32	817,00000	1297,32	820,00000
1305,56	815,00000	1305,56	819,00000	1305,56	815,00000	1305,56	817,00000	1305,56	814,00000	1305,56	814,00000	1305,56	815,00000	1305,56	815,00000	1305,56	815,00000	1305,56	816,00000
1313,80	809,00000	1313,80	809,00000	1313,80	808,00000	1313,80	809,00000	1313,80	812,00000	1313,80	811,00000	1313,80	811,00000	1313,80	808,00000	1313,80	806,00000	1313,80	813,00000
1322,04	806,00000	1322,04	806,00000	1322,04	809,00000	1322,04	809,00000	1322,04	809,00000	1322,04	811,00000	1322,04	807,00000	1322,04	808,00000	1322,04	809,00000	1322,04	808,00000
1330,28	823,00000	1330,28	825,00000	1330,28	823,00000	1330,28	821,00000	1330,28	824,00000	1330,28	824,00000	1330,28	827,00000	1330,28	821,00000	1330,28	819,00000	1330,28	826,00000
1338,51	803,00000	1338,51	807,00000	1338,51	804,00000	1338,51	800,00000	1338,51	806,00000	1338,51	803,00000	1338,51	803,00000	1338,51	803,00000	1338,51	801,00000	1338,51	808,00000
1346,75	818,00000	1346,75	816,00000	1346,75	816,00000	1346,75	818,00000	1346,75	815,00000	1346,75	822,00000	1346,75	819,00000	1346,75	819,00000	1346,75	819,00000	1346,75	819,00000
1354,98	817,00000	1354,98	818,00000	1354,98	809,00000	1354,98	817,00000	1354,98	806,00000	1354,98	815,00000	1354,98	812,00000	1354,98	817,00000	1354,98	811,00000	1354,98	815,00000
1363,22	809,00000	1363,22	811,00000	1363,22	806,00000	1363,22	807,00000	1363,22	809,00000	1363,22	807,00000	1363,22	807,00000	1363,22	808,00000	1363,22	808,00000	1363,22	805,00000
1371,45	817,00000	1371,45	820,00000	1371,45	819,00000	1371,45	818,00000	1371,45	818,00000	1371,45	820,00000	1371,45	819,00000	1371,45	819,00000	1371,45	819,00000	1371,45	819,00000
1379,69	809,00000	1379,69	811,00000	1379,69	816,00000	1379,69	807,00000	1379,69	811,00000	1379,69	812,00000	1379,69	810,00000	1379,69	812,00000	1379,69	806,00000	1379,69	813,00000
1387,92	808,00000	1387,92	811,00000	1387,92	809,00000	1387,92	810,00000	1387,92	810,00000	1387,92	807,00000	1387,92	811,00000	1387,92	806,00000	1387,92	807,00000	1387,92	810,00000
1396,15	818,00000	1396,15	814,00000	1396,15	813,00000	1396,15	813,00000	1396,15	813,00000	1396,15	820,00000	1396,15	817,00000	1396,15	816,00000	1396,15	815,00000	1396,15	818,00000
1404,38	812,00000	1404,38	813,00000	1404,38	809,00000	1404,38	811,00000	1404,38	811,00000	1404,38	812,00000	1404,38	813,00000	1404,38	815,00000	1404,38	813,00000	1404,38	812,00000
1412,61	814,00000	1412,61	815,00000	1412,61	813,00000	1412,61	811,00000	1412,61	815,00000	1412,61	814,00000	1412,61	810,00000	1412,61	809,00000	1412,61	810,00000	1412,61	812,00000
1420,84	807,00000	1420,84	804,00000	1420,84	804,00000	1420,84	805,00000	1420,84	805,00000	1420,84	806,00000	1420,84	808,00000	1420,84	804,00000	1420,84	802,00000	1420,84	806,00000
1429,07	799,00000	1429,07	801,00000	1429,07	802,00000	1429,07	804,00000	1429,07	802,00000	1429,07	800,00000	1429,07	803,00000	1429,07	806,00000	1429,07	797,00000	1429,07	806,00000
1437,30	818,00000	1437,30	817,00000	1437,30	819,00000	1437,30	814,00000	1437,30	815,00000	1437,30	821,00000	1437,30	821,00000	1437,30	818,00000	1437,30	821,00000	1437,30	820,00000
1445,53	812,00000	1445,53	809,00000	1445,53	807,00000	1445,53	807,00000	1445,53	808,00000	1445,53	809,00000	1445,53	810,00000	1445,53	805,00000	1445,53	809,00000	1445,53	809,00000
1453,76	815,00000	1453,76	817,00000	1453,76	815,00000	1453,76	818,00000	1453,76	816,00000	1453,76	815,00000	1453,76	819,00000	1453,76	820,00000	1453,76	809,00000	1453,76	816,00000
1461,98	823,00000	1461,98	818,00000	1461,98	818,00000	1461,98	817,00000	1461,98	815,00000	1461,98	821,00000	1461,98	818,00000	1461,98	820,00000	1461,98	815,00000	1461,98	817,00000
1470,21	806,00000	1470,21	806,00000	1470,21	804,00000	1470,21	805,00000	1470,21	806,00000	1470,21	804,00000	1470,21	806,00000	1470,21	807,00000	1470,21	808,00000	1470,21	809,00000
1478,43	815,00000	1478,43	821,00000	1478,43	817,00000	1478,43	819,00000	1478,43	821,00000	1478,43	821,00000	1478,43	816,00000	1478,43	823,00000	1478,43	821,00000	1478,43	822,00000
1486,66	796,00000	1486,66	798,00000	1486,66	796,00000	1486,66	794,00000	1486,66	796,00000	1486,66	805,00000	1486,66	799,00000	1486,66	797,00000	1486,66	799,00000	1486,66	800,00000
1494,88	828,00000	1494,88	828,00000	1494,88	829,00000	1494,88	828,00000	1494,88	828,00000	1494,88	825,00000	1494,88	832,00000	1494,88	832,00000	1494,88	824,00000	1494,88	828,00000
1503,10	804,00000	1503,10	801,00000	1503,10	803,00000	1503,10	801,00000	1503,10	805,00000	1503,10	803,00000	1503,10	801,00000	1503,10	806,00000	1503,10	805,00000	1503,10	802,00000
1511,32	823,00000	1511,32	821,00000	1511,32	819,00000	1511,32	816,00000	1511,32	817,00000	1511,32	823,00000	1511,32	820,00000	1511,32	819,00000	1511,32	820,00000	1511,32	819,00000
1519,54	816,00000	1519,54	820,00000	1519,54	819,00000	1519,54	821,00000	1519,54	816,00000	1519,54	817,00000	1519,54	821,00000	1519,54	816,00000	1519,54	818,00000	1519,54	820,00000
1527,76	812,00000	1527,76	814,00000	1527,76	813,00000	1527,76	809,00000	1527,76	818,00000	1527,76	816,00000	1527,76	815,00000	1527,76	814,00000	1527,76	814,00000	1527,76	818,00000
1535,98	806,00000	1535,98	800,00000	1535,98	804,00000	1535,98	806,00000	1535,98	799,00000	1535,98	800,00000	1535,98	808,00000	1535,98	803,00000	1535,98	798,00000	1535,98	802,00000
1544,20	808,00000	1544,20	809,00000	1544,20	807,00000	1544,20	807,00000	1544,20	808,00000	1544,20	809,00000	1544,20	814,00000	1544,20	807,00000	1544,20	809,00000	1544,20	809,00000
1552,42	814,00000	1552,42	820,00000	1552,42	815,00000	1552,42	817,00000	1552,42	815,00000	1552,42	820,00000	1552,42	813,00000	1552,42	817,00000	1552,42	817,00000	1552,42	818,00000
1560,64	814,00000	1560,64	814,00000	1560,64	813,00000	1560,64	814,00000	1560,64	815,00000	1560,64	815,00000	1560,64	812,00000	1560,64	816,00000	1560,64	812,00000	1560,64	814,00000
1568,85	821,00000	1568,85	818,00000	1568,85	822,00000	1568,85	822,00000	1568,85	820,00000	1568,85	817,00000	1568,85	826,00000	1568,85	819,00000	1568,85	817,00000	1568,85	821,00000
1577,07	811,00000	1577,07	812,00000	1577,07	813,00000	1577,07	811,00000	1577,07	811,00000	1577,07	814,00000	1577,07	812,00000	1577,07	814,00000	1577,07	810,00000	1577,07	811,00000
1585,28	816,00000	1585,28	816,00000	1585,28	815,00000	1585,28	813,00000	1585,28	813,00000	1585,28	816,00000	1585,28	813,00000	1585,28	812,00000	1585,28	813,00000	1585,28	815,00000
1593,50	809,00000	1593,50	809,00000	1593,50	804,00000	1593,50	804,00000	1593,50	810,00000	1593,50	811,00000	1593,50	811,00000	1593,50	811,00000	1593,50	811,00000	1593,50	809,00000
1601,71	826,00000	1601,71	823,00000	1601,71	824,00000	1601,71	825,00000	1601,71	825,00000	1601,71	826,00000	1601,71	826,00000	1601,71	825,00000	1601,71	822,00000	1601,71	825,00000
1609,92	813,00000	1609,92	814,00000	1609,92	814,00000	1609,92	812,00000	1609,92	814,00000	1609,92	811,00000	1609,92	812,00000	1609,92	816,00000	1609,92	814,00000	1609,92	814,00000
1618,14	805,00000	1618,14	809,00000	1618,14	810,00000	1618,14	806,00000	1618,14	808,00000	1618,14	814,00000	1618,14	805,00000	1618,14	810,00000	1618,14	803,00000	1618,14	806,00000
1626,35	813,00000	1626,35	814,00000	1626,35	813,00000	1626,35	813,00000	1626,35	818,00000	1626,35	816,00000	1626,35	817,00000	1626,35	813,00000	1626,35	814,00000	1626,35	816,00000
1634,56	820,00000	1634,56	829,00000	1634,56	822,00000	1634,56	825,00000	1634,56	824,00000	1634,56	825,00000	1634,56	822,00000	1634,56	825,00000	1634,56	823,00000	1634,56	824,00000
1642,77	814,00000	1642,77	814,00000	1642,77	810,00000	1642,77	812,00000	1642,77	811,00000	1642,77	812,00000	1642,77	813,00000	1642,77	814,00000	1642,77	813,00000	1642,77	811,00000
1650,98	818,00000	1650,98	815,00000	1650,98	820,00000	1650,98	811,00000	1650,98	812,00000	1650,98	817,00000	1650,98	818,00000	1650,98	817,00000	1650,98	814,00000	1650,98	822,00000
1659,18	820,00000	1659,18	827,00000	1659,18	825,00000	1659,18	819,00000	1659,18	822,00000	1659,18	826,00000	1659,18	822,00000	1659,18	821,00000	1659,18	817,00000	1659,18	818,00000
1667,39	811,00000	1667,39	811,00000	1667,39	813,00000	1667,39	814,00000	1667,39	816,00000	1667,39	815,00000	1667,39	811,00000	1667,39	813,00000	1667,39	812,00000	1667,39	811,00000
1675,60	819,00000	1675,60	819,00000	1675,60	817,00000	1675,60	820,00000	1675,60	817,00000	1675,60	822,00000	1675,60	819,00000	1675,60	826,00000	1675,60	823,00000	1675,60	826,00000
1683,80	806,00000	1683,80	807,00000	1683,80	809,00000	1683,80	804,00000	1683,80	805,00000	1683,80	807,00000	1683,80	805,00000	1683,80	806,00000	1683,80	802,00000	1683,80	810,00000
1692,01	819,00000	1692,01	815,00000	1692,01	817,00000	1692,01	820,00000	1692,01	818,00000	1692,01	814,00000	1692,01	818,00000	1692,01	816,00000	1692,01	815,00000	1692,01	818,00000
1700,21	816,00000	1700,21	823,00000	1700,21	819,00000	1700,21	818,00000	1700,21	817,00000	1700,21	824,00000	1700,21	818,00000	1700,21	822,00000	1700,21	820,00000	1700,21	818,00000
1708,42	811,00000	1708,42	817,00000	1708,42	812,00000	1708,42	813,00000	1708,42	814,00000	1708,42	813,00000	1708,42	813,00000	1708,42	814,00000	1708,42	811,00000	1708,42	811,00000
1716,62	804,00000	1716,62	797,00000	1716,62	798,00000	1716,62	803,00000	1716,62	802,00000	1716,62	803,00000	1716,62	799,00000	1716,62	804,00000	1716,62	800,00000	1716,62	804,00000
1724,82	827,00000	1724,82	830,00000	1724,82	824,00000	1724,82	828,00000	1724,82	825,00000	1724,82	829,00000	1724,82	827,00000	1724,82	827,00000	1724,82	825,00000	1724,82	833,00000
1733,02	815,00000	1733,02	815,00000	1733,02	819,00000	1733,02	810,00000	1733,02	816,00000	1733,02	812,00000	1733,02	816,00000	1733,02	815,00000	1733,02	817,00000	1733,02	812,00000
1741,23	825,00000	1741,23	825,00000	1741,23	819,00000	1741,23	823,00000	1741,23	823,00000	1741,23	824,00000	1741,23	821,00000	1741,23	824,00000	1741,23	819,00000	1741,23	821,00000
1749,43	822,00000	1749,43	822,00000	1749,43	818,00000	1749,43	820,00000	1749,43	820,00000	1749,43	819,00000	1749,43	818,00000	1749,43	817,00000	1749,43	817,00000	1749,43	823,00000
1757,62	807,00000	1757,62	809,00000	1757,62	807,00000	1757,62	809,00000	1757,62	809,00000	1757,62	811,00000	1757,62	809,00000	1757,62	806,00000	1757,62	812,00000	1757,62	811,00000
1765,82	812,00000	1765,82	817,00000	1765,82	813,00000	1765,82	812,00000	1765,82	817,00000	1765,82	819,00000	1765,82	817,00000	1765,82	815,00000	1765,82	815,00000	1765,82	815,00000
1774,02	812,00000	1774,02	814,00000	1774,02	816,00000	1774,02	817,00000	1774,02	813,00000	1774,02	816,00000	1774,02	811,00000	1774,02	813,00000	1774,02	811,00000	1774,02	818,00000
1782,22	812,00000	1782,22	809,00000	1782,22	810,00000	1782,22	812,00000	1782,22	810,00000	1782,22	816,00000	1782,22	812,00000	1782,22	817,00000	1782,22	810,00000	1782,22	811,00000
1790,41	826,00000	1790,41	823,00000	1790,41	824,00000	1790,41	823,00000	1790,41	821,00000	1790,41	826,00000	1790,41	821,00000	1790,41	827,00000	1790,41	823,00000	1790,41	824,00000
1798,61	808,00000	1798,61	814,00000	1798,61	814,00000	1798,61	814,00000	1798,61	810,00000	1798,61	808,00000	1798,61	814,00000	1798,61	810,00000	1798,61	811,00000	1798,61	814,00000
1806,80	826,00000	1806,80	820,00000	1806,80	819,00000	1806,80	821,00000	1806,80	820,00000	1806,80	821,00000	1806,80	822,00000	1806,80	824,00000	1806,80	822,00000	1806,80	821,00000
1815,00	821,00000	1815,00	821,00000	1815,00	820,00000	1815,00	818,00000	1815,00	819,00000	1815,00	819,00000	1815,00	818,00000	1815,00	819,00000	1815,00	817,00000	1815,00	819,00000
1823,19	817,00000	1823,19	816,00000	1823,19	816,00000	1823,19	816,00000	1823,19	815,00000	1823,19	816,00000	1823,19	818,00000	1823,19	815,00000	1823,19	816,00000	1823,19	818,00000
1831,38	823,00000	1831,38	820,00000	1831,38	817,00000	1831,38	824,00000	1831,38	822,00000	1831,38	823,00000	1831,38	820,00000	1831,38	824,00000	1831,38	820,00000	1831,38	821,00000
1839,58	823,00000	1839,58	828,00000	1839,58	827,00000	1839,58	828,00000	1839,58	822,00000	1839,58	827,00000	1839,58	818,00000	1839,58	823,00000	1839,58	824,00000	1839,58	823,00000
1847,77	828,00000	1847,77	828,00000	1847,77	830,00000	1847,77	826,00000	1847,77	831,00000	1847,77	825,00000	1847,77	831,00000	1847,77	826,00000	1847,77	824,00000	1847,77	825,00000
1855,96	802,00000	1855,96	803,00000	1855,96	802,00000	1855,96	800,00000	1855,96	804,00000	1855,96	802,00000	1855,96	804,00000	1855,96	808,00000	1855,96	802,00000	1855,96	806,00000
